name: d:\kim
channels:
  - pytorch
  - conda-forge
  - defaults
dependencies:
  - blas=2.120=mkl
  - blas-devel=3.9.0=20_win64_mkl
  - brotli-python=1.1.0=py38hd3f51b4_1
  - bzip2=1.0.8=hcfcfb64_5
  - ca-certificates=2023.11.17=h56e8100_0
  - certifi=2023.11.17=py38haa95532_0
  - charset-normalizer=3.3.2=pyhd8ed1ab_0
  - cudatoolkit=11.2.2=h7d7167e_12
  - cudnn=8.1.0.77=h3e0f4f4_0
  - filelock=3.13.1=pyhd8ed1ab_0
  - freetype=2.12.1=hdaf720e_2
  - hdf5=1.10.6=h1756f20_1
  - icc_rt=2022.1.0=h6049295_2
  - idna=3.6=pyhd8ed1ab_0
  - intel-openmp=2023.2.0=h57928b3_50497
  - jinja2=3.1.2=pyhd8ed1ab_1
  - lcms2=2.15=h67d730c_3
  - lerc=4.0.0=h63175ca_0
  - libblas=3.9.0=20_win64_mkl
  - libcblas=3.9.0=20_win64_mkl
  - libdeflate=1.19=hcfcfb64_0
  - libffi=3.4.2=h8ffe710_5
  - libhwloc=2.9.3=default_haede6df_1009
  - libiconv=1.17=h8ffe710_0
  - libjpeg-turbo=3.0.0=hcfcfb64_1
  - liblapack=3.9.0=20_win64_mkl
  - liblapacke=3.9.0=20_win64_mkl
  - libpng=1.6.39=h19919ed_0
  - libsqlite=3.44.2=hcfcfb64_0
  - libtiff=4.6.0=h6e2ebb7_2
  - libuv=1.44.2=hcfcfb64_1
  - libwebp-base=1.3.2=hcfcfb64_0
  - libxcb=1.15=hcd874cb_0
  - libxml2=2.11.6=hc3477c8_0
  - libzlib=1.2.13=hcfcfb64_5
  - m2w64-gcc-libgfortran=5.3.0=6
  - m2w64-gcc-libs=5.3.0=7
  - m2w64-gcc-libs-core=5.3.0=7
  - m2w64-gmp=6.1.0=2
  - m2w64-libwinpthread-git=5.0.0.4634.697f757=2
  - markupsafe=2.1.3=py38h91455d4_1
  - mkl=2023.2.0=h6a75c08_50497
  - mkl-devel=2023.2.0=h57928b3_50497
  - mkl-include=2023.2.0=h6a75c08_50497
  - mpmath=1.3.0=pyhd8ed1ab_0
  - msys2-conda-epoch=20160418=1
  - networkx=3.1=pyhd8ed1ab_0
  - openjpeg=2.5.0=h3d672ee_3
  - openssl=3.2.0=hcfcfb64_1
  - pillow=10.1.0=py38hc375fad_0
  - pip=23.3.1=pyhd8ed1ab_0
  - pthread-stubs=0.4=hcd874cb_1001
  - pthreads-win32=2.9.1=hfa6e2cd_3
  - pyreadline=2.1=py38_1
  - pysocks=1.7.1=pyh0701188_6
  - python=3.8.18=h4de0772_0_cpython
  - python_abi=3.8=4_cp38
  - pytorch=2.1.1=py3.8_cpu_0
  - pytorch-mutex=1.0=cpu
  - pyyaml=6.0.1=py38h91455d4_1
  - requests=2.31.0=pyhd8ed1ab_0
  - setuptools=68.2.2=pyhd8ed1ab_0
  - sympy=1.12=pyh04b8f61_3
  - tbb=2021.10.0=h91493d7_2
  - tk=8.6.13=h5226925_1
  - torchvision=0.16.1=py38_cpu
  - ucrt=10.0.22621.0=h57928b3_0
  - urllib3=2.1.0=pyhd8ed1ab_0
  - vc=14.3=h64f974e_17
  - vc14_runtime=14.36.32532=hdcecf7f_17
  - vs2015_runtime=14.36.32532=h05e6639_17
  - wheel=0.42.0=pyhd8ed1ab_0
  - win_inet_pton=1.1.0=pyhd8ed1ab_6
  - xorg-libxau=1.0.11=hcd874cb_0
  - xorg-libxdmcp=1.1.3=hcd874cb_0
  - xz=5.2.6=h8d14728_0
  - yaml=0.2.5=h8ffe710_2
  - zlib=1.2.13=hcfcfb64_5
  - zstd=1.5.5=h12be248_0
  - pip:
      - absl-py==2.0.0
      - astunparse==1.6.3
      - cachetools==5.3.2
      - facenet-pytorch==2.5.3
      - flatbuffers==23.5.26
      - fsspec==2023.10.0
      - gast==0.4.0
      - google-auth==2.23.4
      - google-auth-oauthlib==0.4.6
      - google-pasta==0.2.0
      - grpcio==1.59.3
      - h5py==3.10.0
      - importlib-metadata==6.8.0
      - keras==2.10.0
      - keras-preprocessing==1.1.2
      - libclang==16.0.6
      - markdown==3.5.1
      - numpy==1.24.3
      - oauthlib==3.2.2
      - opencv-python==4.8.1.78
      - opt-einsum==3.3.0
      - packaging==23.2
      - protobuf==3.9.2
      - pyasn1==0.5.1
      - pyasn1-modules==0.3.0
      - requests-oauthlib==1.3.1
      - rsa==4.9
      - six==1.16.0
      - tensorboard==2.10.0
      - tensorboard-data-server==0.6.1
      - tensorboard-plugin-wit==1.8.1
      - tensorflow==2.13.0
      - tensorflow-estimator==2.10.0
      - tensorflow-gpu==2.10.0
      - tensorflow-io-gcs-filesystem==0.31.0
      - termcolor==2.3.0
      - typing-extensions==4.5.0
      - werkzeug==3.0.1
      - wrapt==1.16.0
      - zipp==3.17.0
prefix: d:\kim
